Filename                        CPI         IFETCH      LOAD        STORE       WRITE      TOTAL

astar.stats.gz
my2                             0.267647    74.8148     5.11796     24.372      0          5.84718   

bwaves.stats.gz
my2                             0.253088    98.1081     99.7199     99.9109     0          99.6634   

bzip2.stats.gz
my2                             0.57512     100         61.8612     55.704      43.0307    58.5841   

cactusADM.stats.gz
my2                             0.36965     100         59.6043     74.402      52.9753    63.8466   

calculix.stats.gz
my2                             0.321662    54.3449     13.5629     81.3688     6.22959    35.1987   

dealII.stats.gz
my2                             0.430075    27.1519     45.9853     13.1715     5.64751    36.0068   

gamess.stats.gz
my2                             0.302577    57.7058     72.2201     12.272      7.33607    28.6186   

gcc.stats.gz
my2                             0.566302    68.3207     28.5794     78.5113     41.8241    36.2115   

GemsFDTD.stats.gz
my2                             0.368143    87.7215     81.8182     58.5366     0          84.1525   

gobmk.stats.gz
my2                             0.383209    5.34573     17.7459     12.8351     1.56289    14.2143   

gromacs.stats.gz
my2                             0.644714    98.2402     76.6504     84.4409     55.1207    80.2782   

h264ref.stats.gz
my2                             0.288526    97.9882     29.9186     92.1152     13.7838    70.4479   

hmmer.stats.gz
my2                             0.258513    87.5        55.3324     80.0221     0.0845309  71.4736   

lbm.stats.gz
my2                             1.15125     97.7273     99.8784     97.3663     84.6955    97.9949   

leslie3d.stats.gz
my2                             1.47984     99.9818     72.9653     85.2737     73.069     76.7648   

libquantum.stats.gz

mcf.stats.gz
my2                             2.03933     100         61.6467     37.8166     26.055     61.3658   

milc.stats.gz
my2                             1.14771     83.2041     76.5417     62.0548     48.6616    73.1321   

namd.stats.gz
my2                             0.273797    100         66.2371     46.8531     0.598802   66.2603   

omnetpp.stats.gz
my2                             0.412743    55.9947     28.9772     98.1143     0.168972   59.3187   

perlbench.stats.gz
my2                             0.647221    30.0489     21.0082     87.2553     2.40613    41.4349   

povray.stats.gz
my2                             0.360417    38.5166     39.661      47.3227     0.497512   39.858    

sjeng.stats.gz
my2                             0.322934    70.8812     95.4072     75.4057     17.8569    93.4101   

soplex.stats.gz
my2                             0.359379    19.2292     10.4613     20.8818     1.62783    15.7935   

specrand.stats.gz
my2                             0.336272    96.7611     96.137      97.2277     22.4138    96.6091   

sphinx3.stats.gz
my2                             0.445653    73.57       90.8686     99.8004     0.0704349  97.209    

tonto.stats.gz
my2                             0.347987    66.2955     77.5127     94.787      7.54717    79.1266   

xalancbmk.stats.gz
my2                             0.426603    59.0897     33.7304     91.287      66.2796    69.3049   

zeusmp.stats.gz
my2                             0.451581    100         88.6785     47.0208     11.681     81.1353   

