Filename                        CPI         IFETCH      LOAD        STORE       WRITE      TOTAL

astar.stats.gz
my2                             0.267647    74.8148     5.11796     24.372      0          5.84718   

bwaves.stats.gz
my2                             0.253088    98.1081     99.7199     99.9109     0          99.6634   

bzip2.stats.gz
my2                             0.55497     97.619      62.5053     60.9778     0.637477   61.693    

cactusADM.stats.gz
my2                             0.438692    99.8351     73.4057     80.4737     3.30544    75.4493   

calculix.stats.gz
my2                             0.320737    50.0227     13.2773     80.0301     1.4139     34.4823   

dealII.stats.gz
my2                             0.459675    32.8536     54.2793     20.0388     1.03496    43.8199   

gamess.stats.gz
my2                             0.300634    49.1217     71.966      9.75848     0.633655   26.4212   

gcc.stats.gz
my2                             0.609082    58.3176     36.4897     73.1089     2.33252    41.8662   

GemsFDTD.stats.gz
my2                             0.368143    87.7215     81.8182     58.5366     0          84.1525   

gobmk.stats.gz
my2                             0.383523    5.41843     18.2198     13.7584     0.349126   14.7127   

gromacs.stats.gz
my2                             0.607497    97.9932     61.9793     82.1428     2.11035    71.2136   

h264ref.stats.gz
my2                             0.289236    98.4024     30.9541     93.3212     1.15526    71.5797   

hmmer.stats.gz
my2                             0.258511    87.5        55.3324     80          0.0422654  71.4605   

lbm.stats.gz
my2                             1.1538      100         99.9076     99.9945     3.05767    99.9727   

leslie3d.stats.gz
my2                             1.50577     99.9818     80.4645     91.0786     3.14624    83.7308   

libquantum.stats.gz

mcf.stats.gz
my2                             2.5434      100         75.6102     59.042      5.08453    75.4146   

milc.stats.gz
my2                             1.14877     91.4729     81.2164     62.9215     1.71831    76.9107   

namd.stats.gz
my2                             0.273795    100         66.2488     46.8531     0.352237   66.2719   

omnetpp.stats.gz
my2                             0.412787    56.3943     29.1344     98.1841     0.0528039  59.4716   

perlbench.stats.gz
my2                             0.65872     31.1331     25.0312     87.5339     2.76016    43.2745   

povray.stats.gz
my2                             0.360433    38.6451     39.6938     47.3951     0.542741   39.9168   

sjeng.stats.gz
my2                             0.322799    67.8161     95.2996     75.1193     5.39281    93.2324   

soplex.stats.gz
my2                             0.358151    18.744      10.1114     20.9959     1.24955    15.6016   

specrand.stats.gz
my2                             0.33622     96.1538     95.259      97.2277     4.31034    96.0013   

sphinx3.stats.gz
my2                             0.445644    73.57       90.5345     99.8004     0.0176087  97.156    

tonto.stats.gz
my2                             0.348029    66.4613     77.6887     94.8005     4.16891    79.2409   

xalancbmk.stats.gz
my2                             0.414502    36.9944     28.7643     90.1682     3.18415    65.9532   

zeusmp.stats.gz
my2                             0.451625    100         88.2334     47.2242     1.80166    80.8078   

