Filename                        CPI         IFETCH      LOAD        STORE       WRITE      TOTAL

astar.stats.gz
my2                             0.267647    74.8148     5.11796     24.372      0          5.84718   

bwaves.stats.gz
my2                             0.253088    98.1081     99.7199     99.9109     0          99.6634   

bzip2.stats.gz
my2                             0.575584    100         60.3933     54.5458     50.3071    57.2811   

cactusADM.stats.gz
my2                             0.370437    90.5194     60.0609     74.4162     58.6289    64.1554   

calculix.stats.gz
my2                             0.354939    85.5096     31.8177     87.5466     34.9021    50.1528   

dealII.stats.gz
my2                             0.437341    25.6442     48.0025     20.976      13.8832    39.5996   

gamess.stats.gz
my2                             0.308346    93.7825     72.5031     54.9293     48.7122    60.7059   

gcc.stats.gz
my2                             0.559211    69.3786     27.3189     78.9309     42.3105    35.2375   

GemsFDTD.stats.gz
my2                             0.368143    87.7215     81.8182     58.5366     0          84.1525   

gobmk.stats.gz
my2                             0.387112    5.63993     19.4387     12.6048     4.59322    15.1963   

gromacs.stats.gz
my2                             0.649427    97.9932     80.6214     89.2641     78.5843    84.5946   

h264ref.stats.gz
my2                             0.29199     93.787      37.2529     90.7114     58.3967    72.0537   

hmmer.stats.gz
my2                             0.258513    87.5        55.3324     80.0442     0.126796   71.4868   

lbm.stats.gz
my2                             1.14943     95.4545     99.8743     94.0775     90.7233    95.528    

leslie3d.stats.gz
my2                             1.45284     99.8724     72.9356     79.5088     76.1738    74.9987   

libquantum.stats.gz

mcf.stats.gz
my2                             1.89169     100         57.1145     28.8696     19.3223    56.7815   

milc.stats.gz
my2                             1.15642     84.2377     75.9733     60.8091     59.5593    72.4046   

namd.stats.gz
my2                             0.273797    100         66.2371     46.8531     0.66925    66.2603   

omnetpp.stats.gz
my2                             0.412748    55.2398     29.2018     98.1282     0.221776   59.3405   

perlbench.stats.gz
my2                             0.672854    34.0058     27.6911     88.1825     15.7016    45.5289   

povray.stats.gz
my2                             0.360438    38.6818     39.6938     47.178      0.452284   39.9123   

sjeng.stats.gz
my2                             0.322881    68.7101     95.3935     75.6439     48.7175    93.3736   

soplex.stats.gz
my2                             0.394024    29.6877     21.8588     27.8095     12.9166    25.3299   

specrand.stats.gz
my2                             0.336364    97.9082     97.8051     97.4257     22.4138    97.7927   

sphinx3.stats.gz
my2                             0.445653    73.57       90.8686     99.8004     0.0704349  97.209    

tonto.stats.gz
my2                             0.347972    66.1415     77.6691     94.8139     7.79874    79.1123   

xalancbmk.stats.gz
my2                             0.412863    38.1537     28.2497     86.9316     71.8362    63.8739   

zeusmp.stats.gz
my2                             0.451838    100         90.2373     46.775      46.0668    82.3659   

