Filename                        CPI         IFETCH      LOAD        STORE       WRITE      TOTAL

astar.stats.gz
lru                             0.267647    74.8148     5.11796     24.372      0          5.84718   

bwaves.stats.gz
lru                             0.253088    98.1081     99.7199     99.9109     0          99.6634   

bzip2.stats.gz
lru                             0.554642    97.619      62.4843     61.0786     0.00744884 61.7369   

cactusADM.stats.gz
lru                             0.44249     99.8351     74.2114     80.7916     0.221277   76.1164   

calculix.stats.gz
lru                             0.321346    50          13.6481     77.7768     0.0215628  34.05     

dealII.stats.gz
lru                             0.463916    36.3761     55.4134     21.4185     0.20926    45.0892   

gamess.stats.gz
lru                             0.30022     49.0454     71.5305     9.76996     0.214193   26.3204   

gcc.stats.gz
lru                             0.614864    58.4515     37.4773     73.5088     0.684592   42.7521   

GemsFDTD.stats.gz
lru                             0.368143    87.7215     81.8182     58.5366     0          84.1525   

gobmk.stats.gz
lru                             0.383876    5.53004     18.3565     14.2215     0.174129   14.919    

gromacs.stats.gz
lru                             0.607769    98.0241     62.1451     81.9022     0.0199583  71.1979   

h264ref.stats.gz
lru                             0.28787     98.3432     28.6379     92.1202     0.0598578  70.0086   

hmmer.stats.gz
lru                             0.258513    87.5        55.3689     80          0          71.4736   

lbm.stats.gz
lru                             1.15379     100         99.9069     99.9944     0.00949829 99.9725   

leslie3d.stats.gz
lru                             1.50626     99.9818     80.8686     91.1347     0.447252   84.0284   

libquantum.stats.gz

mcf.stats.gz
lru                             2.55358     100         75.8719     59.2748     3.12356    75.676    

milc.stats.gz
lru                             1.14939     91.4729     81.2773     63.1726     0.000952765 77.0164   

namd.stats.gz
lru                             0.273795    100         66.2313     47.5524     0.0352237  66.2603   

omnetpp.stats.gz
lru                             0.41278     56.2167     29.1344     98.1701     0.0316823  59.4443   

perlbench.stats.gz
lru                             0.642823    29.1981     20.2166     87.1702     0.20575    40.7952   

povray.stats.gz
lru                             0.360431    38.6451     39.6938     47.5398     0.542741   39.9258   

sjeng.stats.gz
lru                             0.323006    71.5198     95.5175     75.6602     0.511599   93.5415   

soplex.stats.gz
lru                             0.356909    18.1973     9.91787     20.4028     0.00756642 15.2011   

specrand.stats.gz
lru                             0.336211    95.9514     95.3468     97.2277     1.72414    95.9373   

sphinx3.stats.gz
lru                             0.445644    73.57       90.5345     99.8004     0          97.156    

tonto.stats.gz
lru                             0.347856    65.2885     78.1189     94.787      0.0359389  78.8694   

xalancbmk.stats.gz
lru                             0.414993    36.462      28.8294     90.7029     0.386764   66.2759   

zeusmp.stats.gz
lru                             0.451633    100         88.222      47.2887     1.50108    80.81     

