Filename                        CPI         IFETCH      LOAD        STORE       WRITE      TOTAL

astar.stats.gz
my2                             0.267647    74.8148     5.11796     24.372      0          5.84718   

bwaves.stats.gz
my2                             0.253088    98.1081     99.7199     99.9109     0          99.6634   

bzip2.stats.gz
my2                             0.57517     100         61.916      56.1972     39.5283    58.8723   

cactusADM.stats.gz
my2                             0.36961     99.9176     59.5973     74.4013     52.5459    63.8412   

calculix.stats.gz
my2                             0.321271    52.0701     13.4691     80.2337     2.47048    34.7299   

dealII.stats.gz
my2                             0.42724     28.7555     44.9659     14.3642     5.63252    35.6964   

gamess.stats.gz
my2                             0.300829    51.4281     70.5652     10.2589     2.50338    26.5284   

gcc.stats.gz
my2                             0.573048    69.0139     29.7591     78.4498     39.3501    37.2167   

GemsFDTD.stats.gz
my2                             0.368143    87.7215     81.8182     58.5366     0          84.1525   

gobmk.stats.gz
my2                             0.383138    5.29389     17.7583     12.7374     2.16807    14.1891   

gromacs.stats.gz
my2                             0.645049    98.1785     76.6753     84.9765     51.9217    80.5292   

h264ref.stats.gz
my2                             0.289561    98.1657     31.5759     93.2298     3.23681    71.7353   

hmmer.stats.gz
my2                             0.258513    87.5        55.3324     80.0221     0.0845309  71.4736   

lbm.stats.gz
my2                             1.15129     97.7273     99.8819     97.3828     83.7131    98.0082   

leslie3d.stats.gz
my2                             1.47988     100         72.9932     85.2334     72.4201    76.772    

libquantum.stats.gz

mcf.stats.gz
my2                             2.04334     100         61.7331     37.7086     25.7545    61.4498   

milc.stats.gz
my2                             1.14841     83.4625     76.6682     61.9848     47.8682    73.2123   

namd.stats.gz
my2                             0.273797    100         66.2371     46.8531     0.598802   66.2603   

omnetpp.stats.gz
my2                             0.412743    55.9947     28.9772     98.1143     0.168972   59.3187   

perlbench.stats.gz
my2                             0.663489    31.4441     26.9805     88.0696     13.8073    44.1778   

povray.stats.gz
my2                             0.360417    38.5166     39.661      47.3227     0.497512   39.858    

sjeng.stats.gz
my2                             0.322805    67.6884     95.2996     75.0239     6.52814    93.2227   

soplex.stats.gz
my2                             0.359432    19.0823     10.4637     21.2065     1.46569    15.8973   

specrand.stats.gz
my2                             0.336272    96.7611     96.137      97.2277     22.4138    96.6091   

sphinx3.stats.gz
my2                             0.445653    73.57       90.8686     99.8004     0.0704349  97.209    

tonto.stats.gz
my2                             0.347984    66.2718     77.5127     94.787      7.56514    79.1171   

xalancbmk.stats.gz
my2                             0.426469    58.7978     34.0172     90.8897     65.4394    69.1565   

zeusmp.stats.gz
my2                             0.451618    100         88.3274     47.1746     3.31537    80.8757   

