Filename                        CPI         IFETCH      LOAD        STORE       WRITE      TOTAL

astar.stats.gz
my2                             0.267647    74.8148     5.11796     24.372      0          5.84718   

bwaves.stats.gz
my2                             0.253088    98.1081     99.7199     99.9109     0          99.6634   

bzip2.stats.gz
my2                             0.573283    100         58.6201     54.2393     44.9089    56.2888   

cactusADM.stats.gz
my2                             0.414192    100         68.9132     78.0447     29.406     71.546    

calculix.stats.gz
my2                             0.328238    52.98       17.3891     79.8893     13.3728    37.2768   

dealII.stats.gz
my2                             0.454844    31.5378     52.9517     18.6063     2.46199    42.4619   

gamess.stats.gz
my2                             0.302405    62.0226     71.132      13.5898     8.23603    29.4666   

gcc.stats.gz
my2                             0.575474    64.7003     30.2312     85.2829     50.7116    38.3622   

GemsFDTD.stats.gz
my2                             0.368143    87.7215     81.8182     58.5366     0          84.1525   

gobmk.stats.gz
my2                             0.386099    5.57209     19.053      13.3989     4.06459    15.1416   

gromacs.stats.gz
my2                             0.686543    99.6913     90.8547     89.0376     66.6953    90.1169   

h264ref.stats.gz
my2                             0.28964     98.4024     31.8182     93.1915     9.1358     71.801    

hmmer.stats.gz
my2                             0.258511    87.5        55.3324     80          0.0422654  71.4605   

lbm.stats.gz
my2                             1.15439     97.7273     99.938      99.6645     95.579     99.7329   

leslie3d.stats.gz
my2                             1.44688     99.216      75.2934     77.2644     73.875     75.9551   

libquantum.stats.gz

mcf.stats.gz
my2                             1.99771     100         59.3572     31.9913     20.3143    59.0342   

milc.stats.gz
my2                             1.19203     80.1034     86.1024     53.8911     63.5355    78.5155   

namd.stats.gz
my2                             0.273795    100         66.2488     46.8531     0.38746    66.2719   

omnetpp.stats.gz
my2                             0.412791    56.4831     29.1344     98.1701     0.0633647  59.477    

perlbench.stats.gz
my2                             0.660093    31.4761     25.2202     87.5213     4.25216    43.4819   

povray.stats.gz
my2                             0.360428    38.6084     39.6872     47.3951     0.542741   39.9032   

sjeng.stats.gz
my2                             0.322644    65.1341     95.1057     74.7774     25.5764    92.9793   

soplex.stats.gz
my2                             0.366556    20.6232     12.7467     21.6397     4.35953    17.3565   

specrand.stats.gz
my2                             0.33622     96.1538     95.259      97.2277     4.31034    96.0013   

sphinx3.stats.gz
my2                             0.445644    73.57       90.5345     99.8004     0.0176087  97.156    

tonto.stats.gz
my2                             0.348014    66.3902     77.6496     94.8005     4.42049    79.2028   

xalancbmk.stats.gz
my2                             0.413492    36.8828     28.5079     89.013      34.9194    65.1636   

zeusmp.stats.gz
my2                             0.452027    100         90.1977     46.758      44.9381    82.3306   

