Filename                        CPI         IFETCH      LOAD        STORE       WRITE      TOTAL

astar.stats.gz
my2                             0.267647    74.8148     5.11796     24.372      0          5.84718   

bwaves.stats.gz
my2                             0.253088    98.1081     99.7199     99.9109     0          99.6634   

bzip2.stats.gz
my2                             0.554642    97.619      62.4843     61.0485     0.15979    61.7209   

cactusADM.stats.gz
my2                             0.439412    99.8351     73.5241     80.4737     1.1869     75.5341   

calculix.stats.gz
my2                             0.320737    50          13.2783     80.019      1.38207    34.479    

dealII.stats.gz
my2                             0.460862    33.21       54.5796     20.7825     0.593745   44.2497   

gamess.stats.gz
my2                             0.300678    49.0454     72.2128     9.76422     0.503503   26.4824   

gcc.stats.gz
my2                             0.610181    58.0577     36.6785     73.3521     1.17191    42.0483   

GemsFDTD.stats.gz
my2                             0.368143    87.7215     81.8182     58.5366     0          84.1525   

gobmk.stats.gz
my2                             0.383541    5.43137     18.2225     13.7846     0.322403   14.7227   

gromacs.stats.gz
my2                             0.60776     97.9623     62.1319     82.1276     0.238549   71.2903   

h264ref.stats.gz
my2                             0.289235    98.3432     30.9481     93.3279     0.917321   71.5808   

hmmer.stats.gz
my2                             0.258511    87.5        55.3324     80          0.0422654  71.4605   

lbm.stats.gz
my2                             1.15379     100         99.9066     99.9944     0.0536885  99.9725   

leslie3d.stats.gz
my2                             1.50626     99.9818     80.8686     91.1347     0.591651   84.0284   

libquantum.stats.gz

mcf.stats.gz
my2                             2.55282     100         75.8533     59.2384     3.13773    75.6572   

milc.stats.gz
my2                             1.14925     91.4729     81.2602     63.0098     0.183566   76.965    

namd.stats.gz
my2                             0.273795    100         66.2488     46.8531     0.352237   66.2719   

omnetpp.stats.gz
my2                             0.412786    56.3499     29.1344     98.1841     0.0528039  59.4661   

perlbench.stats.gz
my2                             0.658557    31.0965     25.0015     87.5106     2.57729    43.2435   

povray.stats.gz
my2                             0.360433    38.6451     39.6938     47.3951     0.542741   39.9168   

sjeng.stats.gz
my2                             0.322808    67.8161     95.3077     75.1193     4.65344    93.2397   

soplex.stats.gz
my2                             0.358055    18.7064     10.0869     20.9704     1.10254    15.5748   

specrand.stats.gz
my2                             0.336223    96.2213     95.3468     97.2277     4.31034    96.0653   

sphinx3.stats.gz
my2                             0.445644    73.57       90.5345     99.8004     0.0176087  97.156    

tonto.stats.gz
my2                             0.348029    66.4732     77.6691     94.8005     4.04313    79.2409   

xalancbmk.stats.gz
my2                             0.414371    36.5393     28.7381     90.1739     0.98992    65.9286   

zeusmp.stats.gz
my2                             0.451629    100         88.2321     47.2182     1.73937    80.8056   

