Filename                        CPI         IFETCH      LOAD        STORE       WRITE      TOTAL

astar.stats.gz
my2                             0.267647    74.8148     5.11796     24.372      0          5.84718   

bwaves.stats.gz
my2                             0.253088    98.1081     99.7199     99.9109     0          99.6634   

bzip2.stats.gz
my2                             0.575326    100         60.5794     55.1104     43.7242    57.6687   

cactusADM.stats.gz
my2                             0.419635    99.9176     69.8213     78.4074     18.9189    72.2988   

calculix.stats.gz
my2                             0.32253     51.5241     14.1935     78.8745     6.25924    34.7906   

dealII.stats.gz
my2                             0.45934     33.3059     54.1018     20.9626     0.881163   43.9773   

gamess.stats.gz
my2                             0.3017      54.2927     71.6757     11.035      2.43422    27.4662   

gcc.stats.gz
my2                             0.572841    70.3371     29.6211     81.8977     47.4935    37.5841   

GemsFDTD.stats.gz
my2                             0.368143    87.7215     81.8182     58.5366     0          84.1525   

gobmk.stats.gz
my2                             0.385487    5.53803     18.7914     13.5562     3.51453    15.0198   

gromacs.stats.gz
my2                             0.668475    99.012      84.9668     86.8672     59.2077    85.9203   

h264ref.stats.gz
my2                             0.288814    98.3432     30.3202     92.6742     3.25776    70.9477   

hmmer.stats.gz
my2                             0.258511    87.5        55.3324     80          0.0422654  71.4605   

lbm.stats.gz
my2                             1.15009     97.7273     99.8966     94.739      86.8788    96.0296   

leslie3d.stats.gz
my2                             1.47142     99.9088     73.661      80.1099     72.6526    75.6846   

libquantum.stats.gz

mcf.stats.gz
my2                             1.98925     100         59.9675     35.2425     20.869     59.676    

milc.stats.gz
my2                             1.15488     78.8114     76.5347     58.433      53.6481    72.2727   

namd.stats.gz
my2                             0.273795    100         66.2488     46.8531     0.352237   66.2719   

omnetpp.stats.gz
my2                             0.412786    56.3499     29.1344     98.1841     0.0528039  59.4661   

perlbench.stats.gz
my2                             0.658032    31.0828     24.7738     87.4826     3.15465    43.1601   

povray.stats.gz
my2                             0.360433    38.6451     39.6938     47.3951     0.542741   39.9168   

sjeng.stats.gz
my2                             0.322786    68.7101     95.2457     75.2226     19.234     93.2081   

soplex.stats.gz
my2                             0.361497    19.4513     11.1601     21.0431     3.01248    16.2135   

specrand.stats.gz
my2                             0.336223    96.2213     95.3468     97.2277     4.31034    96.0653   

sphinx3.stats.gz
my2                             0.445644    73.57       90.5345     99.8004     0.0176087  97.156    

tonto.stats.gz
my2                             0.348029    66.4732     77.6887     94.8005     4.02516    79.2456   

xalancbmk.stats.gz
my2                             0.414577    36.7711     28.7514     90.2017     7.43384    65.9601   

zeusmp.stats.gz
my2                             0.45177     100         89.9965     46.7818     42.0479    82.1703   

