Filename                        CPI         IFETCH      LOAD        STORE       WRITE      TOTAL

astar.stats.gz
my2                             0.267647    74.8148     5.11796     24.372      0          5.84718   

bwaves.stats.gz
my2                             0.253088    98.1081     99.7199     99.9109     0          99.6634   

bzip2.stats.gz
my2                             0.556718    97.619      62.4956     60.6014     3.68691    61.4881   

cactusADM.stats.gz
my2                             0.436751    99.8351     73.0576     80.3801     7.88188    75.1733   

calculix.stats.gz
my2                             0.320726    50.091      13.2683     80.0522     1.48886    34.485    

dealII.stats.gz
my2                             0.456666    31.483      53.5178     18.4273     1.83796    42.7961   

gamess.stats.gz
my2                             0.300614    49.1981     71.6854     9.7511      0.83818    26.3505   

gcc.stats.gz
my2                             0.606874    58.7823     36.1104     72.6403     4.80927    41.5009   

GemsFDTD.stats.gz
my2                             0.368143    87.7215     81.8182     58.5366     0          84.1525   

gobmk.stats.gz
my2                             0.383498    5.42814     18.1838     13.6909     0.396538   14.6784   

gromacs.stats.gz
my2                             0.607524    98.2093     61.8534     82.1157     5.6615     71.1342   

h264ref.stats.gz
my2                             0.289253    98.4024     30.9751     93.3146     1.40516    71.5829   

hmmer.stats.gz
my2                             0.258511    87.5        55.3324     80          0.0422654  71.4605   

lbm.stats.gz
my2                             1.15383     100         99.909      99.9944     9.68136    99.973    

leslie3d.stats.gz
my2                             1.50437     99.9818     79.5173     90.9624     8.92075    83.0377   

libquantum.stats.gz

mcf.stats.gz
my2                             2.52431     100         75.1166     58.747      9.27738    74.9234   

milc.stats.gz
my2                             1.14791     91.2145     81.1143     62.7868     5.08792    76.8009   

namd.stats.gz
my2                             0.273795    100         66.2488     46.8531     0.38746    66.2719   

omnetpp.stats.gz
my2                             0.412791    56.4831     29.1344     98.1701     0.0633647  59.477    

perlbench.stats.gz
my2                             0.659387    31.1971     25.2098     87.5571     3.22894    43.3656   

povray.stats.gz
my2                             0.360428    38.6084     39.6872     47.3951     0.542741   39.9032   

sjeng.stats.gz
my2                             0.322804    67.9438     95.3129     75          6.91359    93.2373   

soplex.stats.gz
my2                             0.358403    18.8773     10.1658     21.0613     1.5003     15.6722   

specrand.stats.gz
my2                             0.33622     96.1538     95.259      97.2277     4.31034    96.0013   

sphinx3.stats.gz
my2                             0.445644    73.57       90.5345     99.8004     0.0176087  97.156    

tonto.stats.gz
my2                             0.348014    66.3902     77.6496     94.8005     4.36658    79.2028   

xalancbmk.stats.gz
my2                             0.414773    37.8274     28.8385     90.1637     7.92331    66.0121   

zeusmp.stats.gz
my2                             0.451623    100         88.2404     47.2162     1.95059    80.8121   

