Filename                        CPI         IFETCH      LOAD        STORE       WRITE      TOTAL

astar.stats.gz
my                              0.267647    74.8148     5.11796     24.372      0          5.84718   

bwaves.stats.gz
my                              0.253088    98.1081     99.7199     99.9109     0          99.6634   

bzip2.stats.gz
my                              0.571722    100         57.9224     53.0533     52.0832    55.3311   

cactusADM.stats.gz
my                              0.376174    78.9777     59.4716     73.6262     60.2572    63.4835   

calculix.stats.gz
my                              0.365988    88.6488     39.5978     90.4595     43.5649    56.3469   

dealII.stats.gz
my                              0.454601    24.6436     52.2108     43.9381     37.6555    49.0813   

gamess.stats.gz
my                              0.312282    99.4042     72.2038     97.104      89.2643    91.1305   

gcc.stats.gz
my                              0.577291    64.6452     30.8804     85.5821     54.9556    38.9448   

GemsFDTD.stats.gz
my                              0.368143    87.7215     81.8182     58.5366     0          84.1525   

gobmk.stats.gz
my                              0.387942    5.58817     19.9067     12.7645     5.12849    15.4929   

gromacs.stats.gz
my                              0.66479     86.6626     86.8564     92.3622     86.4755    89.2996   

h264ref.stats.gz
my                              0.295228    90.6509     42.8215     89.72       63.2458    73.3201   

hmmer.stats.gz
my                              0.258513    87.5        55.3324     80.0442     0.126796   71.4868   

lbm.stats.gz
my                              1.15305     95.4545     99.8674     99.6581     99.2905    99.7105   

leslie3d.stats.gz
my                              1.43841     89.9544     78.8862     80.4864     80.041     79.4007   

libquantum.stats.gz

mcf.stats.gz
my                              2.0297      100         59.7446     33.1582     25.5629    59.4308   

milc.stats.gz
my                              1.18229     78.0362     83.4655     66.7321     76.5372    79.5236   

namd.stats.gz
my                              0.273797    100         66.2371     46.8531     0.66925    66.2603   

omnetpp.stats.gz
my                              0.412733    54.9734     29.1681     98.1841     0.264019   59.3132   

perlbench.stats.gz
my                              0.687053    36.206      31.3784     88.4386     17.9033    47.7271   

povray.stats.gz
my                              0.360412    38.6084     39.6218     47.2504     0.542741   39.8489   

sjeng.stats.gz
my                              0.322652    63.857      95.1675     75.0397     54.24      93.0304   

soplex.stats.gz
my                              0.444465    48.9955     39.3434     36.1836     22.8017    39.5859   

specrand.stats.gz
my                              0.336386    98.2456     98.1563     97.6238     36.2069    98.1126   

sphinx3.stats.gz
my                              0.445647    73.3728     90.7572     99.8004     0.0704349  97.1825   

tonto.stats.gz
my                              0.348079    66.7456     77.7083     94.9348     8.28392    79.4076   

xalancbmk.stats.gz
my                              0.408284    26.634      27.6711     85.5094     73.6821    62.3459   

zeusmp.stats.gz
my                              0.452003    100         90.341      46.7481     47.7407    82.446    

