Filename                        CPI         IFETCH      LOAD        STORE       WRITE      TOTAL

astar.stats.gz
my2                             0.267647    74.8148     5.11796     24.372      0          5.84718   

bwaves.stats.gz
my2                             0.253088    98.1081     99.7199     99.9109     0          99.6634   

bzip2.stats.gz
my2                             0.573666    97.619      61.8186     56.8691     33.5666    59.1844   

cactusADM.stats.gz
my2                             0.369558    99.9176     59.6373     74.3984     52.788     63.8691   

calculix.stats.gz
my2                             0.322371    53.162      14.0721     81.4008     5.96172    35.5133   

dealII.stats.gz
my2                             0.430691    26.9737     46.1366     13.9757     5.67776    36.3375   

gamess.stats.gz
my2                             0.301262    54.1622     71.4071     10.3894     2.95111    26.9324   

gcc.stats.gz
my2                             0.568485    68.6122     28.9654     78.5992     41.5751    36.5572   

GemsFDTD.stats.gz
my2                             0.368143    87.7215     81.8182     58.5366     0          84.1525   

gobmk.stats.gz
my2                             0.387393    5.7483      19.4456     12.4154     5.00681    15.1782   

gromacs.stats.gz
my2                             0.646438    97.8388     77.2381     84.8684     54.2865    80.787    

h264ref.stats.gz
my2                             0.288339    97.8107     29.522      92.2167     8.08979    70.3701   

hmmer.stats.gz
my2                             0.258514    87.5        55.3324     80.0442     0.126796   71.4868   

lbm.stats.gz
my2                             1.15108     97.7273     99.8794     96.9584     84.1404    97.6893   

leslie3d.stats.gz
my2                             1.48173     99.9818     73.1045     85.3265     72.6807    76.8775   

libquantum.stats.gz

mcf.stats.gz
my2                             2.04759     100         61.9077     37.9477     25.9429    61.6251   

milc.stats.gz
my2                             1.14826     84.7545     76.6161     62.2028     48.387     73.2242   

namd.stats.gz
my2                             0.273795    100         66.2313     46.8531     0.563579   66.2545   

omnetpp.stats.gz
my2                             0.412792    56.794      29.0895     98.226      0.337945   59.5152   

perlbench.stats.gz
my2                             0.648136    30.328      20.9558     87.295      2.77762    41.5473   

povray.stats.gz
my2                             0.36047     39.1225     39.6414     47.7569     0.814111   40.0208   

sjeng.stats.gz
my2                             0.322892    69.8595     95.348      75.7875     21.4276    93.3663   

soplex.stats.gz
my2                             0.358599    18.785      10.3247     20.7353     1.06143    15.6067   

specrand.stats.gz
my2                             0.336329    97.8408     96.6637     97.6238     12.069     97.3768   

sphinx3.stats.gz
my2                             0.445647    73.3728     90.7572     99.8004     0.0704349  97.1825   

tonto.stats.gz
my2                             0.347956    66.0704     77.5909     94.8139     7.45732    79.0647   

xalancbmk.stats.gz
my2                             0.426603    59.0296     33.9348     91.0391     66.0973    69.2249   

zeusmp.stats.gz
my2                             0.451584    100         88.476      47.0704     7.3005     80.9786   

