Filename                        CPI         IFETCH      LOAD        STORE       WRITE      TOTAL

astar.stats.gz
my2                             0.267647    74.8148     5.11796     24.372      0          5.84718   

bwaves.stats.gz
my2                             0.253088    98.1081     99.7199     99.9109     0          99.6634   

bzip2.stats.gz
my2                             0.573253    100         58.6575     54.1601     45.0013    56.2642   

cactusADM.stats.gz
my2                             0.412558    100         68.598      77.8759     29.3118    71.2725   

calculix.stats.gz
my2                             0.328303    52.8435     17.4334     79.9234     13.3637    37.3115   

dealII.stats.gz
my2                             0.455014    31.4145     53.043      18.5882     2.49609    42.5157   

gamess.stats.gz
my2                             0.302335    62.1601     71.0207     13.2272     7.67377    29.1844   

gcc.stats.gz
my2                             0.576012    64.4691     30.3236     85.1311     50.5687    38.4133   

GemsFDTD.stats.gz
my2                             0.368143    87.7215     81.8182     58.5366     0          84.1525   

gobmk.stats.gz
my2                             0.385713    5.56409     18.8463     13.1801     4.09045    14.9709   

gromacs.stats.gz
my2                             0.68658     99.7221     90.8719     89.0778     66.6241    90.1444   

h264ref.stats.gz
my2                             0.289684    98.284      31.8713     93.175      9.14492    71.8068   

hmmer.stats.gz
my2                             0.258511    87.5        55.3324     80          0.0422654  71.4605   

lbm.stats.gz
my2                             1.15439     97.7273     99.9379     99.6603     95.607     99.7297   

leslie3d.stats.gz
my2                             1.44651     99.3619     75.3181     77.2669     73.8707    75.9734   

libquantum.stats.gz

mcf.stats.gz
my2                             2.01355     100         59.6592     32.5047     20.8335    59.3387   

milc.stats.gz
my2                             1.19065     80.1034     86.035      53.7621     63.4545    78.4336   

namd.stats.gz
my2                             0.273795    100         66.2488     46.8531     0.38746    66.2719   

omnetpp.stats.gz
my2                             0.412791    56.4831     29.1344     98.1701     0.0633647  59.477    

perlbench.stats.gz
my2                             0.660358    31.5127     25.2723     87.5358     4.21787    43.5168   

povray.stats.gz
my2                             0.360428    38.6084     39.6872     47.3951     0.542741   39.9032   

sjeng.stats.gz
my2                             0.322641    65.1341     95.1057     74.8092     25.7902    92.9818   

soplex.stats.gz
my2                             0.366416    20.5959     12.6914     21.6539     4.36277    17.3323   

specrand.stats.gz
my2                             0.33622     96.1538     95.259      97.2277     4.31034    96.0013   

sphinx3.stats.gz
my2                             0.445644    73.57       90.5345     99.8004     0.0176087  97.156    

tonto.stats.gz
my2                             0.348014    66.3902     77.6496     94.8005     4.40252    79.2028   

xalancbmk.stats.gz
my2                             0.413299    36.608      28.4649     88.9091     34.9666    65.0737   

zeusmp.stats.gz
my2                             0.452031    100         90.1995     46.7561     44.9733    82.3317   

