Filename                        CPI         IFETCH      LOAD        STORE       WRITE      TOTAL

astar.stats.gz
my2                             0.267647    74.8148     5.11796     24.372      0          5.84718   

bwaves.stats.gz
my2                             0.253088    98.1081     99.7199     99.9109     0          99.6634   

bzip2.stats.gz
my2                             0.565625    97.619      62.5126     58.3012     21.5232    60.2714   

cactusADM.stats.gz
my2                             0.384283    100         62.2337     75.8145     30.5339    66.1288   

calculix.stats.gz
my2                             0.320767    50.5914     13.2643     80.1275     1.91395    34.5197   

dealII.stats.gz
my2                             0.439063    29.9479     48.5373     14.3972     4.56087    38.1823   

gamess.stats.gz
my2                             0.300738    50.1757     71.1337     9.77571     1.55588    26.2716   

gcc.stats.gz
my2                             0.593411    63.7416     33.7555     72.0808     20.2806    39.5986   

GemsFDTD.stats.gz
my2                             0.368143    87.7215     81.8182     58.5366     0          84.1525   

gobmk.stats.gz
my2                             0.383309    5.42975     18.0101     13.3325     0.944811   14.4966   

gromacs.stats.gz
my2                             0.611334    98.8885     63.2173     82.1771     26.2084    71.9144   

h264ref.stats.gz
my2                             0.289271    98.5799     31.0082     93.3046     2.23868    71.5913   

hmmer.stats.gz
my2                             0.258513    87.5        55.3324     80.0221     0.0845309  71.4736   

lbm.stats.gz
my2                             1.15386     100         99.9097     99.9941     47.8926    99.973    

leslie3d.stats.gz
my2                             1.47698     99.9818     72.1234     90.8875     42.1819    77.8794   

libquantum.stats.gz

mcf.stats.gz
my2                             2.3987      100         71.6796     54.8538     29.3869    71.4811   

milc.stats.gz
my2                             1.14825     90.9561     80.949      62.2422     24.1804    76.5463   

namd.stats.gz
my2                             0.273797    100         66.2488     46.8531     0.66925    66.2719   

omnetpp.stats.gz
my2                             0.412768    55.6838     29.2018     98.1701     0.116169   59.4115   

perlbench.stats.gz
my2                             0.66147     31.3481     26.0192     87.797      7.61801    43.7533   

povray.stats.gz
my2                             0.360428    38.6084     39.6938     47.2504     0.587969   39.8987   

sjeng.stats.gz
my2                             0.3228      67.6884     95.3023     75.1511     10.267     93.2349   

soplex.stats.gz
my2                             0.358266    18.7816     10.1237     21.0425     1.26359    15.631    

specrand.stats.gz
my2                             0.336243    96.5587     95.4346     97.8218     4.31034    96.3532   

sphinx3.stats.gz
my2                             0.445644    73.57       90.5345     99.8004     0.0352175  97.156    

tonto.stats.gz
my2                             0.348005    66.2955     77.7474     94.7736     6.32525    79.179    

xalancbmk.stats.gz
my2                             0.417637    45.5389     29.8167     90.1253     36.2265    66.6524   

zeusmp.stats.gz
my2                             0.451624    100         88.2861     47.1984     2.65464    80.8463   

