Filename                        CPI         IFETCH      LOAD        STORE       WRITE      TOTAL

astar.stats.gz
my2                             0.267647    74.8148     5.11796     24.372      0          5.84718   

bwaves.stats.gz
my2                             0.253088    98.1081     99.7199     99.9109     0          99.6634   

bzip2.stats.gz
my2                             0.574987    100         60.4959     55.6196     41.5225    57.9006   

cactusADM.stats.gz
my2                             0.371998    89.9423     60.3913     74.5886     56.7967    64.4393   

calculix.stats.gz
my2                             0.321499    52.7525     13.5875     80.2638     2.62861    34.8373   

dealII.stats.gz
my2                             0.443239    29.3311     49.2392     21.2279     9.21376    40.618    

gamess.stats.gz
my2                             0.300876    51.7794     70.5023     11.0498     3.25901    27.0944   

gcc.stats.gz
my2                             0.582724    70.5655     31.3925     81.9403     46.0476    39.0875   

GemsFDTD.stats.gz
my2                             0.368143    87.7215     81.8182     58.5366     0          84.1525   

gobmk.stats.gz
my2                             0.383505    5.36667     17.9784     12.8422     2.29481    14.3542   

gromacs.stats.gz
my2                             0.668567    99.1664     84.727      87.066      60.0027    85.8783   

h264ref.stats.gz
my2                             0.289604    97.6331     31.6721     93.2081     3.4104     71.7459   

hmmer.stats.gz
my2                             0.258513    87.5        55.3324     80.0442     0.126796   71.4868   

lbm.stats.gz
my2                             1.14954     97.7273     99.878      94.2885     87.1431    95.6872   

leslie3d.stats.gz
my2                             1.4677      99.9635     74.1491     79.8212     73.2068    75.9364   

libquantum.stats.gz

mcf.stats.gz
my2                             1.90998     100         57.6279     29.4858     18.5951    57.296    

milc.stats.gz
my2                             1.15431     83.4625     76.4757     58.1788     54.1049    72.1689   

namd.stats.gz
my2                             0.273797    100         66.2371     46.8531     0.66925    66.2603   

omnetpp.stats.gz
my2                             0.412748    55.2398     29.2018     98.1282     0.221776   59.3405   

perlbench.stats.gz
my2                             0.663537    31.3709     27.1531     88.1393     15.1626    44.2204   

povray.stats.gz
my2                             0.360438    38.6818     39.6938     47.178      0.452284   39.9123   

sjeng.stats.gz
my2                             0.322808    67.6884     95.305      75.0239     6.27935    93.2276   

soplex.stats.gz
my2                             0.360906    19.6631     10.7915     21.3557     1.61266    16.1946   

specrand.stats.gz
my2                             0.336364    97.9082     97.8051     97.4257     22.4138    97.7927   

sphinx3.stats.gz
my2                             0.445653    73.57       90.8686     99.8004     0.0704349  97.209    

tonto.stats.gz
my2                             0.347974    66.1533     77.6496     94.8139     7.81671    79.1123   

xalancbmk.stats.gz
my2                             0.424019    59.6651     34.5015     87.0764     67.3582    67.0843   

zeusmp.stats.gz
my2                             0.451616    100         88.3349     47.1765     3.4291     80.8822   

